TIME    TEMP   VCCINT   VCCBRAM   VCCAUX   VP     VN    VAUXP[0]   VAUXN[0]   VAUXP[1]   VAUXN[1]   VAUXP[2]   VAUXN[2]   VAUXP[3]   VAUXN[3]   VAUXP[4]   VAUXN[4]   VAUXP[5]   VAUXN[5]   VAUXP[6]   VAUXN[6]   VAUXP[7]   VAUXN[7]   VAUXP[8]   VAUXN[8]   VAUXP[9]   VAUXN[9]   VAUXP[10]   VAUXN[10]   VAUXP[11]   VAUXN[11]   VAUXP[12]   VAUXN[12]   VAUXP[13]   VAUXN[13]   VAUXP[14]   VAUXN[14]   VAUXP[15]   VAUXN[15]
0 63.0  1.02  1.02  1.8  0.50  0.0  0.50  0  0.50  0  0.50  0  0.50  0  0.50  0  0.50  0  0.50  0  0.50  0  0.50  0  0.50  0  0.50  0  0.50  0  0.50  0  0.50  0  0.50  0  0.50  0 //
6500 63.0  1.02  1.02  1.8  0.63  0.0  0.63  0  0.63  0  0.63  0  0.63  0  0.63  0  0.63  0  0.63  0  0.63  0  0.63  0  0.63  0  0.63  0  0.63  0  0.63  0  0.63  0  0.63  0  0.63  0 //
13000 63.0  1.02  1.02  1.8  0.76  0.0  0.76  0  0.76  0  0.76  0  0.76  0  0.76  0  0.76  0  0.76  0  0.76  0  0.76  0  0.76  0  0.76  0  0.76  0  0.76  0  0.76  0  0.76  0  0.76  0 //
19500 63.0  1.02  1.02  1.8  0.89  0.0  0.89  0  0.89  0  0.89  0  0.89  0  0.89  0  0.89  0  0.89  0  0.89  0  0.89  0  0.89  0  0.89  0  0.89  0  0.89  0  0.89  0  0.89  0  0.89  0 //
26000 63.0  1.02  1.02  1.8  0.98  0.0  0.98  0  0.98  0  0.98  0  0.98  0  0.98  0  0.98  0  0.98  0  0.98  0  0.98  0  0.98  0  0.98  0  0.98  0  0.98  0  0.98  0  0.98  0  0.98  0 //
32500 63.0  1.02  1.02  1.8  0.85  0.0  0.85  0  0.85  0  0.85  0  0.85  0  0.85  0  0.85  0  0.85  0  0.85  0  0.85  0  0.85  0  0.85  0  0.85  0  0.85  0  0.85  0  0.85  0  0.85  0 //
39000 63.0  1.02  1.02  1.8  0.72  0.0  0.72  0  0.72  0  0.72  0  0.72  0  0.72  0  0.72  0  0.72  0  0.72  0  0.72  0  0.72  0  0.72  0  0.72  0  0.72  0  0.72  0  0.72  0  0.72  0 //
45500 63.0  1.02  1.02  1.8  0.59  0.0  0.59  0  0.59  0  0.59  0  0.59  0  0.59  0  0.59  0  0.59  0  0.59  0  0.59  0  0.59  0  0.59  0  0.59  0  0.59  0  0.59  0  0.59  0  0.59  0 //
52000 63.0  1.02  1.02  1.8  0.46  0.0  0.46  0  0.46  0  0.46  0  0.46  0  0.46  0  0.46  0  0.46  0  0.46  0  0.46  0  0.46  0  0.46  0  0.46  0  0.46  0  0.46  0  0.46  0  0.46  0 //
58500 63.0  1.02  1.02  1.8  0.33  0.0  0.33  0  0.33  0  0.33  0  0.33  0  0.33  0  0.33  0  0.33  0  0.33  0  0.33  0  0.33  0  0.33  0  0.33  0  0.33  0  0.33  0  0.33  0  0.33  0 //
65000 63.0  1.02  1.02  1.8  0.20  0.0  0.20  0  0.20  0  0.20  0  0.20  0  0.20  0  0.20  0  0.20  0  0.20  0  0.20  0  0.20  0  0.20  0  0.20  0  0.20  0  0.20  0  0.20  0  0.20  0 //
71500 63.0  1.02  1.02  1.8  0.07  0.0  0.07  0  0.07  0  0.07  0  0.07  0  0.07  0  0.07  0  0.07  0  0.07  0  0.07  0  0.07  0  0.07  0  0.07  0  0.07  0  0.07  0  0.07  0  0.07  0 //
78000 63.0  1.02  1.02  1.8  0.06  0.0  0.06  0  0.06  0  0.06  0  0.06  0  0.06  0  0.06  0  0.06  0  0.06  0  0.06  0  0.06  0  0.06  0  0.06  0  0.06  0  0.06  0  0.06  0  0.06  0 //
84500 63.0  1.02  1.02  1.8  0.19  0.0  0.19  0  0.19  0  0.19  0  0.19  0  0.19  0  0.19  0  0.19  0  0.19  0  0.19  0  0.19  0  0.19  0  0.19  0  0.19  0  0.19  0  0.19  0  0.19  0 //
91000 63.0  1.02  1.02  1.8  0.32  0.0  0.32  0  0.32  0  0.32  0  0.32  0  0.32  0  0.32  0  0.32  0  0.32  0  0.32  0  0.32  0  0.32  0  0.32  0  0.32  0  0.32  0  0.32  0  0.32  0 //
